      7     Cu1    Al50      4.15272       1   0   0           -0.03058 
     14     Cu2     Al3      2.36349       0   0   0           -1.91173 
     28     Al3     Zr4      2.97449       0   0   0           -1.74965 
     29     Al3     Zr7      3.05845       0   0   0           -1.59657 
     30     Al3     Zr8      3.02578       0   0   0           -1.62891 
     31     Al3     Zr9      2.92808       0   0   0           -1.92299 
     32     Al3    Zr21      2.86810       0   1   0           -2.18639 
     33     Al3    Zr28      2.91989       0   0   0           -1.90185 
     34     Al3    Zr35      2.96135       0   0   0           -1.81201 
     35     Al3    Zr76      3.74917       1   0   0           -0.60152 
     36     Al3    Zr77      3.51717       1   0   0           -0.92947 
     37     Al3    Zr78      3.07946       1   0   0           -1.49440 
     38     Al3    Cu84      2.74450       1   0   0           -0.92934 
     76     Zr6    Al34      3.07508       0   0   0           -1.56785 
     81     Zr6    Al82      3.48054       1   0   0           -0.86287 
     89     Zr7    Al34      3.01386       0   0   0           -1.61022 
     93     Zr7    Al82      2.89572       1   0   0           -2.01901 
    102     Zr8    Al82      3.04187       1   0   0           -1.55814 
    136    Cu11    Al82      2.41511       1   0   0           -1.80506 
    142    Cu12    Al14      2.60833       0   0   0           -1.20625 
    157    Zr13    Al14      3.16875       0   0   0           -1.42493 
    160    Zr13    Al34      2.96765       0   0   0           -1.87972 
    166    Zr13    Al82      3.37911       1   0   0           -1.02361 
    168    Al14    Cu15      2.50208       0   0   0           -1.59392 
    169    Al14    Zr20      2.91858       0   0   0           -1.98894 
    170    Al14    Zr21      3.18700       0   0   0           -1.37486 
    171    Al14    Cu22      3.05138       0   0   0           -0.62844 
    172    Al14    Zr40      2.91444       0   0   0           -1.98815 
    173    Al14    Cu41      2.68263       0   0   0           -1.18553 
    174    Al14    Zr43      4.13364       0   0   0           -0.28811 
    175    Al14    Cu46      4.12519       0   0   0           -0.01476 
    176    Al14    Cu47      2.54762       0   0   0           -1.38239 
    177    Al14    Cu48      2.64686       0   0   0           -1.13020 
    178    Al14    Zr88      2.93506       1   0   0           -1.95157 
    179    Al14    Cu97      2.68431       1   0   0           -1.08399 
    180    Al14    Cu98      2.76423       1   0   0           -1.09856 
    203    Zr16    Al99      3.34512       1   0   0           -0.87859 
    204    Zr16   Al100      3.15261       1   0   0           -1.15144 
    217    Cu18    Al62      4.04640       1   0   0           -0.03600 
    219    Cu18    Al82      3.66165       1   0  -1           -0.25160 
    225    Cu18    Al99      4.19328       1   0   0           -0.02194 
    226    Cu18   Al100      2.41057       1   0   0           -1.65380 
    261    Zr21    Al99      2.90809       1   0   0           -2.11312 
    273    Cu22    Al99      2.69682       1   0   0           -1.06127 
    274    Cu22   Al100      4.14162       1   0   0           -0.00010 
    281    Cu23    Al99      2.59891       1   0   0           -1.26093 
    282    Cu23   Al100      4.06073       1   0   0           -0.00996 
    291    Zr24    Al99      3.13828       1   0   0           -1.17372 
    292    Zr24   Al100      3.01644       1   0   0           -1.52441 
    298    Zr25    Al34      2.88866       0   0   0           -1.98187 
    308    Cu26    Al50      3.30705       0   0   0           -0.36079 
    313    Cu26    Al74      2.37541       0   1   1           -1.92623 
    315    Cu27    Al34      2.66266       0   0   0           -1.34194 
    318    Cu27    Al50      2.86777       0   0   0           -0.87415 
    327    Zr28    Al34      2.97687       0   0   0           -1.84056 
    354    Zr30    Al71      2.76112       0   1   0           -2.63856 
    361    Cu31    Al74      3.06924       0   1   0           -0.61876 
    368    Cu33    Al34      2.56396       0   0   0           -1.34723 
    379    Al34    Zr35      3.20621       0   0   0           -1.26042 
    380    Al34    Cu36      2.45414       0   0   0           -1.64208 
    381    Al34    Cu41      4.15502       0   0   0           -0.04795 
    382    Al34    Zr55      3.41549       0   0   0           -1.01748 
    383    Al34    Cu56      3.89181       0   0   0           -0.08317 
    384    Al34    Cu57      3.08354       0   0   0           -0.66998 
    385    Al34    Zr59      2.88364       0   0   0           -2.05973 
    415    Zr38    Al62      3.05389       0   0   0           -1.63108 
    452    Cu42    Al74      3.64323       0   0   0           -0.12429 
    465    Cu44    Al74      2.82242       0   0   0           -0.78722 
    470    Zr45    Al74      2.84289       0   0   1           -2.19015 
    487    Zr49    Al74      2.91409       0   0   0           -1.85477 
    488    Al50    Zr51      3.20446       0   0   0           -1.36610 
    489    Al50    Cu54      2.41774       0   0   1           -2.06907 
    490    Al50    Zr55      2.89703       0   0   0           -2.09562 
    491    Al50    Cu56      4.10984       0   0   0           -0.02190 
    492    Al50    Cu57      2.49226       0   0   0           -1.67988 
    493    Al50    Zr69      3.25799       0   1   0           -1.22708 
    494    Al50    Cu75      2.66377       0   0   0           -1.19156 
    495    Al50    Zr76      2.97153       0   0   0           -1.94135 
    496    Al50    Zr79      2.91814       0   0   1           -1.92600 
    497    Al50    Zr80      3.76762       0   0   1           -0.50531 
    498    Al50    Cu81      2.78769       0   0   0           -1.06150 
    499    Al50    Cu94      4.04864       0   1   0           -0.09371 
    500    Al50    Zr95      2.91017       0   1   0           -1.91259 
    506    Zr51    Al71      3.08942       0   1   0           -1.61655 
    516    Zr52    Al71      2.93850       0   1   0           -1.79312 
    527    Zr53    Al71      4.00982       0   1   0           -0.30852 
    530    Zr53    Al74      2.89896       0   1   0           -1.98084 
    537    Cu54    Al74      2.59434       0   1   0           -1.41227 
    543    Cu54   Al100      4.11755       0   1   0           -0.04410 
    547    Zr55    Al62      2.94936       0   0   1           -1.92385 
    552    Cu56    Al62      2.83838       0   0   1           -0.77547 
    584    Cu61    Al62      2.51969       0   0   0           -1.49040 
    590    Al62    Zr63      3.92670       0   0  -1           -0.35737 
    591    Al62    Cu67      2.48797       0   0   0           -1.61353 
    592    Al62    Zr68      3.32309       0   0   0           -1.20623 
    593    Al62    Zr79      2.89776       0   0   0           -2.05860 
    594    Al62    Cu81      2.61930       0   0  -1           -1.36713 
    595    Al62    Zr85      3.19201       0   0   0           -1.26464 
    596    Al62    Zr86      3.13245       0   0   0           -1.39135 
    597    Al62    Zr87      3.12098       0   0  -1           -1.47338 
    598    Al62    Cu92      2.34623       0   0   0           -2.10063 
    602    Zr63    Al74      3.12362       0   0   1           -1.29611 
    618    Zr65    Al71      3.13444       0   0   0           -1.38640 
    637    Zr68    Al74      2.66351       0   0   0           -2.87096 
    642    Zr68   Al100      2.87449       0   0   0           -2.10207 
    644    Zr69    Al74      3.10058       0   0   1           -1.52303 
    649    Cu70    Al71      2.59901       0   0   0           -1.33767 
    653    Al71    Cu72      2.36866       0   0   0           -2.05756 
    654    Al71    Zr73      2.74849       0   0   0           -2.44680 
    655    Al71    Zr77      2.78464       0  -1   0           -2.31759 
    656    Al71    Zr90      2.81586       0   0   0           -2.08168 
    657    Al71    Zr96      2.88647       0   0   0           -2.07689 
    658    Al71    Al99      4.09158       0   0   0           -0.25099 
    660    Cu72    Al74      2.53859       0   0   0           -1.60160 
    662    Zr73    Al74      3.44343       0   0   0           -0.84947 
    669    Zr73    Al99      2.92782       0   0   0           -1.45460 
    670    Zr73   Al100      2.88130       0   0   0           -1.67667 
    671    Al74    Cu94      3.15065       0   0  -1           -0.46450 
    676    Cu75    Al82      2.90219       0   0   0           -0.83659 
    681    Zr76    Al82      3.00929       0   0   0           -1.70209 
    692    Zr77    Al99      2.95864       0   1   0           -1.74908 
    698    Zr78    Al99      3.03679       0   1   0           -1.63483 
    706    Zr80    Al99      3.33210       0   1   0           -0.76889 
    707    Zr80   Al100      2.99834       0   1   0           -1.46855 
    708    Cu81    Al82      2.49442       0   0   0           -1.85136 
    713    Al82    Zr83      2.99849       0   0   0           -1.69958 
    714    Al82    Zr86      3.31667       0   0   1           -0.99054 
    715    Al82    Zr87      3.02447       0   0   0           -1.71947 
    716    Al82    Zr88      2.97823       0   0   0           -1.76008 
    735    Zr87   Al100      3.53277       0   0   1           -0.86168 
    751    Zr90    Al99      3.03817       0   0   0           -1.14830 
    752    Zr90   Al100      2.84507       0   0   0           -1.71226 
    757    Cu92   Al100      2.48005       0   0   0           -1.71872 
    761    Zr93   Al100      3.12185       0   0   1           -1.42789 
    763    Cu94   Al100      2.41509       0   0   1           -1.68383 
    769    Cu97    Al99      4.10781       0   0   0           -0.04493 
    770    Cu98    Al99      2.44010       0   0   0           -1.80639 
    771    Cu98   Al100      4.12295       0   0   0           -0.03211 
    772    Al99   Al100      2.50575       0   0   0           -2.99529 
